HumanDied = false
local CountSCIFIMOVIELOL = 1
function SCIFIMOVIELOL(Part0,Part1,Position,Angle)
	local AlignPos = Instance.new('AlignPosition', Part1); AlignPos.Name = "AliP_"..CountSCIFIMOVIELOL
	AlignPos.ApplyAtCenterOfMass = true;
	AlignPos.MaxForce = 5772000--67752;
	AlignPos.MaxVelocity = math.huge/9e110;
	AlignPos.ReactionForceEnabled = false;
	AlignPos.Responsiveness = 200;
	AlignPos.RigidityEnabled = false;
	local AlignOri = Instance.new('AlignOrientation', Part1); AlignOri.Name = "AliO_"..CountSCIFIMOVIELOL
	AlignOri.MaxAngularVelocity = math.huge/9e110;
	AlignOri.MaxTorque = 5772000
	AlignOri.PrimaryAxisOnly = false;
	AlignOri.ReactionTorqueEnabled = false;
	AlignOri.Responsiveness = 200;
	AlignOri.RigidityEnabled = false;
	local AttachmentA=Instance.new('Attachment',Part1); AttachmentA.Name = "Ath_"..CountSCIFIMOVIELOL
	local AttachmentB=Instance.new('Attachment',Part0); AttachmentB.Name = "Ath_"..CountSCIFIMOVIELOL
	AttachmentA.Orientation = Angle or Vector3.new(0,0,0)
	AttachmentA.Position = Position or Vector3.new(0,0,0)
	AlignPos.Attachment1 = AttachmentA;
	AlignPos.Attachment0 = AttachmentB;
	AlignOri.Attachment1 = AttachmentA;
	AlignOri.Attachment0 = AttachmentB;
	CountSCIFIMOVIELOL = CountSCIFIMOVIELOL + 1
	return {AlignPos,AlignOri,AttachmentA,AttachmentB}
end

if _G.netted ~= true then
	_G.netted = true
	coroutine.wrap(function()
		settings().Physics.PhysicsEnvironmentalThrottle = Enum.EnviromentalPhysicsThrottle.Disabled
		settings().Physics.AllowSleep = false
		game:GetService("RunService").RenderStepped:Connect(function()
			game:FindFirstChildOfClass("Players").LocalPlayer.MaximumSimulationRadius=math.pow(math.huge,math.huge)
			sethiddenproperty(game:FindFirstChildOfClass("Players").LocalPlayer,"SimulationRadius",math.huge*math.huge)
		end)
	end)()
end

game:FindFirstChildOfClass("Players").LocalPlayer["Character"].Archivable = true
local hatnameclone = {}
for _,v in next, game:FindFirstChildOfClass("Players").LocalPlayer["Character"]:GetChildren() do
	if v:IsA("Accessory") then
		if hatnameclone[v.Name] then
			if hatnameclone[v.Name] == "s" then
				hatnameclone[v.Name] = {}
			end
			table.insert(hatnameclone[v.Name],v)
		else
			hatnameclone[v.Name] = "s"
		end
	end
end
for _,v in pairs(hatnameclone) do
	if type(v) == "table" then
		local num = 1
		for _,w in pairs(v) do
			w.Name = w.Name..num
			num = num + 1
		end
	end
end
hatnameclone = nil

local DeadChar = game:FindFirstChildOfClass("Players").LocalPlayer.Character

local fldr = Instance.new("Folder",game:FindFirstChildOfClass("Players").LocalPlayer["Character"])
fldr.Name = "DMYF"
local CloneChar = DeadChar:Clone()
local ANIMATIONHERE
if CloneChar:FindFirstChild("Animate") then
	ANIMATIONHERE = CloneChar:FindFirstChild("Animate"):Clone()
	CloneChar:FindFirstChild("Animate"):Destroy()
end
if CloneChar:FindFirstChildOfClass("Folder") then CloneChar:FindFirstChildOfClass("Folder"):Destroy() end
if CloneChar.Torso:FindFirstChild("Neck") then
	local Clonessss = CloneChar.Torso:FindFirstChild("Neck"):Clone()
	Clonessss.Part0 = nil
	Clonessss.Part1 = DeadChar.Head
	Clonessss.Parent = DeadChar.Torso
end
CloneChar.Parent = fldr
CloneChar.HumanoidRootPart.CFrame = DeadChar.HumanoidRootPart.CFrame
CloneChar.Humanoid.BreakJointsOnDeath = false
CloneChar.Name = "non"
CloneChar.Humanoid.DisplayDistanceType = "None"

for _,v in next, DeadChar:GetChildren() do
	if v:IsA("Accessory") then
		local topacc = false
		if v.Handle:FindFirstChildOfClass("Weld") then v.Handle:FindFirstChildOfClass("Weld"):Destroy() end
		v.Handle.Massless = true
		v.Handle.CanCollide = false
		if v.Handle:FindFirstChildOfClass("Attachment") then
			local ath__ = v.Handle:FindFirstChildOfClass("Attachment")
			if ath__.Name == "HatAttachment" or ath__.Name == "HairAttachment" or ath__.Name == "FaceFrontAttachment" or ath__.Name == "FaceCenterAttachment" then
				topacc = ath__.Name
			end
		end
        local bv = Instance.new("BodyVelocity",v.Handle)
		bv.Velocity = Vector3.new(0,0,0)
		coroutine.wrap(function()
			if topacc then
				local allthings = SCIFIMOVIELOL(v.Handle,DeadChar.Torso,Vector3.new(0,1.5,0)+ (DeadChar.Head[topacc].Position + (v.Handle[topacc].Position*-1)),Vector3.new(0,0,0))
				local normaltop = allthings[1].Attachment1
				local alipos = allthings[1]
				local alirot = allthings[2]
				local p0 = v.Handle
				local p1 = DeadChar.Head
				alipos.Parent = CloneChar:FindFirstChild(v.Name).Handle
				alirot.Parent = CloneChar:FindFirstChild(v.Name).Handle
				while true do
					game:GetService("RunService").RenderStepped:wait()
					if HumanDied then break end
					coroutine.wrap(function()
						if alipos.Attachment1 == normaltop then
							p0.CFrame = p0.CFrame:lerp((((DeadChar.Torso.CFrame * CFrame.new(0,1.5,0)) * p1[topacc].CFrame) * p0[topacc].CFrame:inverse()),1)
						else
							v.Handle.CFrame = v.Handle.CFrame:lerp(alipos.Attachment1.Parent.CFrame * CFrame.new(alipos.Attachment1.Position) * CFrame.Angles(math.rad(alipos.Attachment1.Rotation.X),math.rad(alipos.Attachment1.Rotation.Y),math.rad(alipos.Attachment1.Rotation.Z)),1)
						end
					end)()
				end
			else
				SCIFIMOVIELOL(v.Handle,CloneChar[v.Name].Handle,Vector3.new(0,0,0),Vector3.new(0,0,0))
			end
		end)()
    end
end

local a = DeadChar.Torso
local b = DeadChar.HumanoidRootPart
local c = DeadChar.Humanoid
a.Parent = game:FindFirstChildOfClass("Workspace")
c.Parent = game:FindFirstChildOfClass("Workspace")
local told = a:Clone()
local told1 = c:Clone()
b["RootJoint"].Part0 = told
b["RootJoint"].Part1 = DeadChar.Head
a.Name = "torso"
a.Neck:Destroy()
c.Name = "Mizt Hub Best"
told.Parent = DeadChar
told1.Parent = DeadChar
DeadChar.PrimaryPart = told
told1.Health = 0
b:Destroy()
a.Parent = DeadChar
c.Parent = DeadChar
told:Destroy()
told1:Destroy()
a.Name = "Torso"

if CloneChar.Head:FindFirstChildOfClass("Decal") then CloneChar.Head:FindFirstChildOfClass("Decal").Transparency = 1 end
if DeadChar:FindFirstChild("Animate") then DeadChar:FindFirstChild("Animate"):Destroy() end

local Collider
function UnCollide()
    if HumanDied then Collider:Disconnect(); return end
    --[[for _,Parts in next, CloneChar:GetChildren() do
        if Parts:IsA("BasePart") then
            Parts.CanCollide = false 
        end 
    end]]
    for _,Parts in next, DeadChar:GetChildren() do
        if Parts:IsA("BasePart") then
        Parts.CanCollide = false
        end 
    end 
end
Collider = game:GetService("RunService").Stepped:Connect(UnCollide)

local resetBindable = Instance.new("BindableEvent")
resetBindable.Event:connect(function()
    game:GetService("StarterGui"):SetCore("ResetButtonCallback", true)
	resetBindable:Destroy()
	HumanDied = true
    pcall(function()
		game:FindFirstChildOfClass("Players").LocalPlayer.Character = DeadChar
		DeadChar.Head:Destroy()
		DeadChar:FindFirstChildOfClass("Humanoid"):Destroy()
		game:FindFirstChildOfClass("Players").LocalPlayer.Character = CloneChar
		if DeadChar:FindFirstChildOfClass("Folder") then DeadChar:FindFirstChildOfClass("Folder"):Destroy() end
	end)
end)
game:GetService("StarterGui"):SetCore("ResetButtonCallback", resetBindable)

coroutine.wrap(function()
    while true do
        game:GetService("RunService").RenderStepped:wait()
        if not CloneChar or not CloneChar:FindFirstChild("Head") or not CloneChar:FindFirstChildOfClass("Humanoid") or CloneChar:FindFirstChildOfClass("Humanoid").Health <= 0 and not DeadChar or not DeadChar:FindFirstChild("Head") or not DeadChar:FindFirstChildOfClass("Humanoid") or DeadChar:FindFirstChildOfClass("Humanoid").Health <= 0 then 
            HumanDied = true
            pcall(function()
				game:FindFirstChildOfClass("Players").LocalPlayer.Character = DeadChar
				DeadChar.Head:Destroy()
				DeadChar:FindFirstChildOfClass("Humanoid"):Destroy()
				game:FindFirstChildOfClass("Players").LocalPlayer.Character = CloneChar
				if DeadChar:FindFirstChildOfClass("Folder") then DeadChar:FindFirstChildOfClass("Folder"):Destroy() end
			end)
            if resetBindable then
                game:GetService("StarterGui"):SetCore("ResetButtonCallback", true)
                resetBindable:Destroy()
            end
            break
        end		
    end
end)()


SCIFIMOVIELOL(DeadChar["Head"],CloneChar["Head"])
SCIFIMOVIELOL(DeadChar["Torso"],CloneChar["Torso"])
SCIFIMOVIELOL(DeadChar["Left Arm"],CloneChar["Left Arm"])
SCIFIMOVIELOL(DeadChar["Right Arm"],CloneChar["Right Arm"])
SCIFIMOVIELOL(DeadChar["Left Leg"],CloneChar["Left Leg"])
SCIFIMOVIELOL(DeadChar["Right Leg"],CloneChar["Right Leg"])

for _,v in pairs(DeadChar:GetChildren()) do
	if v:IsA("BasePart") and v.Name ~= "Head" then
		--[[local bv = Instance.new("BodyVelocity",v)
		bv.Velocity = Vector3.new(0,0,0)
		coroutine.wrap(function()
			while true do
				game:GetService("RunService").RenderStepped:wait()
				if HumanDied then break end
				v.CFrame = CloneChar[v.Name].CFrame
			end
		end)()]]
	elseif v:IsA("BasePart") and v.Name == "Head" then
		local bv = Instance.new("BodyVelocity",v)
		bv.Velocity = Vector3.new(0,0,0)
		coroutine.wrap(function()
			while true do
				game:GetService("RunService").RenderStepped:wait()
				if HumanDied then break end
				v.CFrame = DeadChar.Torso.CFrame * CFrame.new(0,1.5,0)
			end
		end)()
	end
end

for _,BodyParts in next, CloneChar:GetDescendants() do
if BodyParts:IsA("BasePart") or BodyParts:IsA("Part") then
BodyParts.Transparency = 1 end end
game:GetService("RunService").RenderStepped:wait()
game:FindFirstChildOfClass("Players").LocalPlayer.Character = CloneChar
game:FindFirstChildOfClass("Workspace"):FindFirstChildOfClass("Camera").CameraSubject = CloneChar.Humanoid

for _,v in next, DeadChar:GetChildren() do
	if v:IsA("Accessory") then
		if v.Handle:FindFirstChildOfClass("Weld") then v.Handle:FindFirstChildOfClass("Weld"):Destroy() end
	end
end

Player = game.Players.LocalPlayer
repeat wait() until Player.Character

local scriptName = "Oni"
local stopped=false

local Song = nil

local BaccupMusicID = 2377141094
local BaccupVolume = 5

local TimePos = 0

spawn(function()
	game:GetService("RunService").Heartbeat:Connect(function()
		if Song == nil then
			Song = Instance.new("Sound",Player.Character.Torso)
			Song.SoundId = "rbxassetid://"..BaccupMusicID
			Song.Looped = true
			Song.Volume = BaccupVolume
			Song.RollOffMode = Enum.RollOffMode.LinearSquare
			Song.TimePosition = TimePos
			Song:Resume()
		end
		TimePos =  Song.TimePosition
	end)	
end)

function WaitForChildOfClass(where,class,timeout)
	local start = tick();
	local ret;
	repeat ret=where:FindFirstChildOfClass(class) wait() until ret or tick()-start>=(timeout or 15)
	if(not ret)then warn("timeout") repeat wait()until nil else return ret end
end

local GUID = {}
do
	GUID.IDs = {};
	function GUID:new(len)
		local id;
		if(not len)then
			id = (tostring(function() end))
			id = id:gsub("function: ","")
		else
			local function genID(len)
				local newID = ""
				for i = 1,len do
					newID = newID..string.char(math.random(48,90))
				end
				return newID
			end
			repeat id = genID(len) until not GUID.IDs[id]
			local oid = id;
			id = {Trash=function() GUID.IDs[oid]=nil; end;Get=function() return oid; end}
			GUID.IDs[oid]=true;
		end
		return id
	end
end

local instanceID = GUID:new()


local GUID = {}
do
	GUID.IDs = {};
	function GUID:new(len)
		local id;
		if(not len)then
			id = (tostring(function() end))
			id = id:gsub("function: ","")
		else
			local function genID(len)
				local newID = ""
				for i = 1,len do
					newID = newID..string.char(math.random(48,90))
				end
				return newID
			end
			repeat id = genID(len) until not GUID.IDs[id]
			local oid = id;
			id = {Trash=function() GUID.IDs[oid]=nil; end;Get=function() return oid; end}
			GUID.IDs[oid]=true;
		end
		return id
	end
end


local fakeEvent = function()
	local t = {_fakeEvent=true,Waited={},Connected={}}
	t.Connect = function(self,f)
		local ft={}
		ft={Disconnected=false;disconnect=function(s) if(self.Function==ft)then self.Function=nil end s.Disconnected=true end}
		ft.Disconnect=ft.disconnect
		
		ft.Func=function(...)
			for id,_ in next, t.Waited do 
				t.Waited[id] = true 
			end 
			return f(...)
		end; 
		
		table.insert(self.Connected,ft)
		return ft;
	end
	t.connect = t.Connect
	t.Wait = function() 
		local guid = GUID:new(25)
		local waitingId = guid:Get()
		t.Waited[waitingId]=false
		repeat wait() until t.Waited[waitingId]==true  
		t.Waited[waitingId]=nil;
		guid:Trash()
	end
	t.wait = t.Wait
	return t
end

local m = {Target=nil,Hit=CFrame.new(),KeyUp=fakeEvent(),KeyDown=fakeEvent(),Button1Up=fakeEvent(),Button1Down=fakeEvent()}
local UsIS = {InputBegan=fakeEvent(),InputEnded=fakeEvent()}
local function te(self,ev,...)
	local t = self[ev]
	if t and t._fakeEvent and t.Connected then
		for i,v in next, t.Connected do
			if(v.Func and not v.Disconnected)then
				v.Func(...)
			else
				t.Connected[i]=nil
			end
		end
	end
end
m.TrigEvent = te
UsIS.TrigEvent = te

NewInstance = function(instance,parent,properties)
	local inst = Instance.new(instance)
	inst.Parent = parent
	if(properties)then
		for i,v in next, properties do
			pcall(function() inst[i] = v end)
		end
	end
	return inst;
end

local CF={N=CFrame.new,A=CFrame.Angles}

local Head = Player.Character:WaitForChild'Head'
local Torso = Player.Character:WaitForChild'Torso'
local LArm = Player.Character:WaitForChild'Left Arm'
local RArm = Player.Character:WaitForChild'Right Arm'
local LLeg = Player.Character:WaitForChild'Left Leg'
local RLeg = Player.Character:WaitForChild'Right Leg'
local Root = Player.Character:WaitForChild'HumanoidRootPart'

function newMotor(P0,P1,C0,C1)
	return NewInstance('Motor',P0,{Part0=P0,Part1=P1,C0=C0,C1=C1})
end

local welds = {}
local vars = {}
local Hit = {}



table.insert(welds,Torso.Neck)
table.insert(welds,Root.RootJoint)
table.insert(welds,Torso["Right Hip"])
table.insert(welds,Torso["Right Shoulder"])
table.insert(welds,Torso["Left Hip"])
table.insert(welds,Torso["Left Shoulder"])

vars.WeldDefaults={}
for i = 1,#welds do
	local v=welds[i]
	vars.WeldDefaults[i]=v.C0
end

function GetTorso(char)
	return char:FindFirstChild'Torso' or char:FindFirstChild'UpperTorso' or char:FindFirstChild'LowerTorso' or char:FindFirstChild'HumanoidRootPart'
end



-- MODIFIABLE STUFF --



-- STOP MODIFIABLE STUFF --
local signals = {} -- for l8r (stop commands, etc)
local scripts = {}

function BreakSignal(signalOrName)
	for name,signal in next, signals do
		if(typeof(signalOrName)~='RBXScriptSignal' and name==signalOrName or signal==signalOrName)then
			signal:disconnect()
			signals[name]=nil
			break
		end
	end	
end
local Hum;
repeat wait() Hum=Player.Character:FindFirstChildOfClass'Humanoid' until Hum
for _,v in next, Hum:GetPlayingAnimationTracks() do
	v:Stop(0);
end








Player.Chatted:connect(function(msg)
	local msg2 = msg:lower()
	if string.sub(msg2,1,15)==";switch regular"then
		Song.SoundId = "rbxassetid://2377141094"
		Song.Volume = 1
	end
	if string.sub(msg2,1,13)==";switch lunar"then
		Song.SoundId = "rbxassetid://561833161"
		Song.Volume = 1
	end
	if string.sub(msg2,1,12)==";switch smug"then
		Song.SoundId = "rbxassetid://2784478072"
		Song.Volume = 1
	end
	if string.sub(msg2,1,12)==";switch nothing"then
		Song.Volume = 0
	end
end)

--// Shortcut Variables \\--
local S = setmetatable({},{__index = function(s,i) return game:service(i) end})
local CF = {N=CFrame.new,A=CFrame.Angles,fEA=CFrame.fromEulerAnglesXYZ}
local C3 = {tRGB= function(c3) return c3.r*255,c3.g*255,c3.b*255 end,N=Color3.new,RGB=Color3.fromRGB,HSV=Color3.fromHSV,tHSV=Color3.toHSV}
local V3 = {N=Vector3.new,FNI=Vector3.FromNormalId,A=Vector3.FromAxis}
local M = {C=math.cos,R=math.rad,S=math.sin,P=math.pi,RNG=math.random,MRS=math.randomseed,H=math.huge,RRNG = function(min,max,div) return math.rad(math.random(min,max)/(div or 1)) end}
local R3 = {N=Region3.new}
local De = S.Debris
local WS = workspace
local Lght = S.Lighting
local RepS = S.ReplicatedStorage
local IN = Instance.new
local Plrs = S.Players


local Player = game.Players.LocalPlayer
local Char = game.Players.LocalPlayer.Character
local Mouse = Player:GetMouse()
local Hum = Char:FindFirstChildOfClass'Humanoid'
local Torso = Char.Torso
local RArm = Char["Right Arm"]
local LArm = Char["Left Arm"]
local RLeg = Char["Right Leg"]
local LLeg = Char["Left Leg"]	
local Root = Char:FindFirstChild'HumanoidRootPart'
local Head = Char.Head
local Sine = 0;
local Change = 1
local Attack=false
local NeutralAnims=true
local timePos=30;
local walking=true;
local legAnims=true;



local movement = 8
local footsound=0;
local WalkSpeed=16;
local Combo=0;

function SetTween(SPart,CFr,MoveStyle2,outorin2,AnimTime)
	local MoveStyle = Enum.EasingStyle[MoveStyle2]
	local outorin = Enum.EasingDirection[outorin2]
	
	
	local dahspeed=1
	if Attack == true then
		dahspeed=3 --speedstuff --5
	end
	
	if SPart.Name=="Bullet" then
		dahspeed=1	
	end
	
	local tweeningInformation = TweenInfo.new(
		AnimTime/dahspeed,	
		MoveStyle,
		outorin,
		0,
		false,
		0
	)
	local MoveCF = CFr
	local tweenanim = game:GetService("TweenService"):Create(SPart,tweeningInformation,MoveCF)
	tweenanim:Play()
end


NewInstance = function(instance,parent,properties)
	local inst = Instance.new(instance)
	inst.Parent = parent
	if(properties)then
		for i,v in next, properties do
			pcall(function() inst[i] = v end)
		end
	end
	return inst;
end

local NK,RJ,RH,RS,LH,LS=Char.Torso.Neck,Char.HumanoidRootPart["RootJoint"],Char.Torso["Right Hip"],Char.Torso["Right Shoulder"],Char.Torso["Left Hip"],Char.Torso["Left Shoulder"]

local NKC0,RJC0,RHC0,RSC0,LHC0,LSC0=Char.Torso.Neck.C0,Char.HumanoidRootPart["RootJoint"].C0,Char.Torso["Right Hip"].C0,Char.Torso["Right Shoulder"].C0,Char.Torso["Left Hip"].C0,Char.Torso["Left Shoulder"].C0


function makeMusic(id,pit,timePos)
	local sound = Torso:FindFirstChild(script.Name.."song")
	if(not sound)then 
		sound = NewInstance("Sound",Torso,{Name=script.Name.."song",Volume=5,Pitch=(pit or 1),Looped=true})
		NewInstance("EqualizerSoundEffect",sound,{HighGain=0,MidGain=2,LowGain=30})
	end
	if(id=='stop')then
		if(sound)then
			sound:Stop()
		end
	else
		local timePos = typeof(timePos)=='number' and timePos or sound.TimePosition
		sound.Volume = 5
		sound.Name = script.Name.."song"
		sound.Looped=true
		sound.SoundId = "rbxassetid://"..id
		sound.Pitch=(pit or 1)
		sound:Play()
		sound.TimePosition = timePos
	end
	return sound;
end



for _,v in next, Hum:GetPlayingAnimationTracks() do
	v:Stop(0);
end

-- SCRIPT STUFF --
local Frame_Speed = 60 -- The frame speed for swait. 1 is automatically divided by this
--// Artificial HB \\--

local ArtificialHB = script:FindFirstChild'Heartbeat' or IN("BindableEvent", script)
ArtificialHB.Name = "Heartbeat"

local tf = 0
local allowframeloss = true
local tossremainder = true
local lastframe = tick()
local frame = 1/Frame_Speed
ArtificialHB:Fire()

game:GetService("RunService").Stepped:connect(function(s, p)
	tf = tf + s
	if tf >= frame then
		if allowframeloss then
			ArtificialHB:Fire()
			lastframe = tick()
		else
			for i = 1, math.floor(tf / frame) do
				ArtificialHB:Fire()
			end
			lastframe = tick()
		end
		if tossremainder then
			tf = 0
		else
			tf = tf - frame * math.floor(tf / frame)
		end
	end
end)

function swait(num)
	if num == 0 or num == nil then
		ArtificialHB.Event:wait(0.1)
	else
		for i = 0, num do
			ArtificialHB.Event:wait(0.1)
		end
	end
end






local footstepSounds = {
	[Enum.Material.Grass]=510933218;
	[Enum.Material.Metal]=1263161138;
	[Enum.Material.CorrodedMetal]=1263161138;
	[Enum.Material.DiamondPlate]=1263161138;
	[Enum.Material.Wood]=2452053757;
	[Enum.Material.WoodPlanks]=2452053757;
	[Enum.Material.Sand]=134456884;
	[Enum.Material.Snow]=2452051182;
}

while true do
	swait()
	Sine=Sine+Change
	local hitfloor,posfloor = workspace:FindPartOnRayWithIgnoreList(Ray.new(Root.CFrame.p,((CFrame.new(Root.Position,Root.Position - Vector3.new(0,1,0))).lookVector).unit * (4)), {Effects,Char})
	local Walking = (math.abs(Root.Velocity.x) > 1 or math.abs(Root.Velocity.z) > 1)
	local State = (Hum.PlatformStand and 'Paralyzed' or Hum.Sit and 'Sit' or not hitfloor and Root.Velocity.y < -1 and "Fall" or not hitfloor and Root.Velocity.y > 1 and "Jump" or hitfloor and Walking and "Walk" or hitfloor and "Idle")
	Hum.WalkSpeed = WalkSpeed
	local sidevec = math.clamp((Root.Velocity*Root.CFrame.rightVector).X+(Root.Velocity*Root.CFrame.rightVector).Z,-Hum.WalkSpeed,Hum.WalkSpeed)
	local forwardvec =  math.clamp((Root.Velocity*Root.CFrame.lookVector).X+(Root.Velocity*Root.CFrame.lookVector).Z,-Hum.WalkSpeed,Hum.WalkSpeed)
	local sidevelocity = sidevec/Hum.WalkSpeed
	local forwardvelocity = forwardvec/Hum.WalkSpeed
	
	local lhit,lpos = workspace:FindPartOnRayWithIgnoreList(Ray.new(LLeg.CFrame.p,((CFrame.new(LLeg.Position,LLeg.Position - Vector3.new(0,1,0))).lookVector).unit * (2)), {Effects,Char})
	local rhit,rpos = workspace:FindPartOnRayWithIgnoreList(Ray.new(RLeg.CFrame.p,((CFrame.new(RLeg.Position,RLeg.Position - Vector3.new(0,1,0))).lookVector).unit * (2)), {Effects,Char})
	
	SetTween(RJ,{C0 = RJC0 * CF.N(1.49011612e-08, 0.189537123, -0.590966165, 0.971992552, -0.153945833, -0.177570254, 0.192711115, 0.954565585, 0.227303728, 0.134509996, -0.255157262, 0.957497716)},"Quad","Out",0.001)
	SetTween(NK,{C0 = NKC0 * CF.N(1.34110451e-07, -5.58793545e-08, -1.1920929e-07, 0.989387274, -0.130459815, -0.0639770925, 0.136627004, 0.985145867, 0.104022875, 0.0494559631, -0.111659907, 0.992515147)},"Quad","Out",0.001)
	SetTween(LS,{C0 = LSC0 * CF.N(-0.678911209, 0.0130777061, -0.132889256, -0.112336569, 0.579523027, -0.807176411, -0.753905952, 0.479460984, 0.449158043, 0.647307098, 0.658991933, 0.383044809)},"Quad","Out",0.001)
	SetTween(RS,{C0 = RSC0 * CF.N(0.245776564, -0.0488060862, 0.230882347, 0.11685501, -0.333171099, -0.935597122, 0.963373303, 0.266972274, 0.025253959, 0.241364643, -0.904280305, 0.352165312)},"Quad","Out",0.001)
	SetTween(LH,{C0 = LHC0 * CF.N(-0.691755474, 0.129822016, 0.0726819038, 0.867112279, -0.446177542, -0.221453875, 0.444869488, 0.893673897, -0.0586368069, 0.224069864, -0.0476736724, 0.973406374)},"Quad","Out",0.001)
	SetTween(RH,{C0 = RHC0 * CF.N(0.727092266, 0.380637646, 0.0480112731, 0.806107342, 0.491314739, 0.32984978, -0.558668554, 0.815639555, 0.150405064, -0.195142031, -0.305519402, 0.931975126)},"Quad","Out",0.001)
	swait()
	SetTween(RJ,{C0 = RJC0 * CF.N(-1.49011612e-08, 0.189537197, -0.590517044, 0.971185148, -0.153113484, -0.182635412, 0.193144888, 0.954604268, 0.226772398, 0.139622644, -0.255513072, 0.956670582)},"Quad","Out",0.001)
	SetTween(NK,{C0 = NKC0 * CF.N(-7.4505806e-09, -2.98023224e-08, -1.78813934e-07, 0.988112152, -0.136539161, -0.0706502944, 0.143486917, 0.984067798, 0.104986772, 0.055189915, -0.113876082, 0.991960824)},"Quad","Out",0.001)
	SetTween(LS,{C0 = LSC0 * CF.N(-0.675003827, 0.0236415565, -0.129766107, -0.107493497, 0.558513999, -0.822500706, -0.746433675, 0.501130283, 0.437841594, 0.656720579, 0.661007226, 0.363025486)},"Quad","Out",0.001)
	SetTween(RS,{C0 = RSC0 * CF.N(0.249032483, -0.0372584164, 0.227478802, 0.118489452, -0.327943951, -0.937236965, 0.958552361, 0.28408283, 0.0217822324, 0.259109557, -0.900971532, 0.348012209)},"Quad","Out",0.001)
	SetTween(LH,{C0 = LHC0 * CF.N(-0.689085484, 0.119797468, 0.0699437261, 0.867011666, -0.447078437, -0.220026419, 0.444267988, 0.893535137, -0.0649685487, 0.225647092, -0.0414222628, 0.973328054)},"Quad","Out",0.001)
	SetTween(RH,{C0 = RHC0 * CF.N(0.727031529, 0.380388796, 0.0480544567, 0.804796576, 0.491840124, 0.332258761, -0.560911, 0.813287437, 0.154734373, -0.194117069, -0.310897022, 0.930409372)},"Quad","Out",0.001)
	swait()
	SetTween(RJ,{C0 = RJC0 * CF.N(0, 0.189537421, -0.589136302, 0.969854653, -0.151540428, -0.190833643, 0.193622947, 0.954715908, 0.225893542, 0.147959888, -0.256033689, 0.955277264)},"Quad","Out",0.001)
	SetTween(NK,{C0 = NKC0 * CF.N(-2.60770321e-08, -6.33299351e-08, -5.96046448e-08, 0.985842288, -0.146354988, -0.0818248019, 0.154667959, 0.982189059, 0.106689565, 0.064752914, -0.117834717, 0.990919828)},"Quad","Out",0.001)
	SetTween(LS,{C0 = LSC0 * CF.N(-0.668395817, 0.0408191383, -0.124689981, -0.100277498, 0.523190439, -0.846295774, -0.73372221, 0.53561002, 0.418059349, 0.67200911, 0.662867844, 0.330166727)},"Quad","Out",0.001)
	SetTween(RS,{C0 = RSC0 * CF.N(0.254327118, -0.0183240622, 0.222100616, 0.120933846, -0.319361657, -0.939884603, 0.950016737, 0.3117733, 0.0163005944, 0.287825078, -0.894877434, 0.341102928)},"Quad","Out",0.001)
	SetTween(LH,{C0 = LHC0 * CF.N(-0.684743524, 0.103449583, 0.0655936897, 0.866890013, -0.448473096, -0.217654794, 0.443207681, 0.893251657, -0.0752897188, 0.228185773, -0.0311984159, 0.97311765)},"Quad","Out",0.001)
	SetTween(RH,{C0 = RHC0 * CF.N(0.726840615, 0.379617274, 0.0481808484, 0.802720904, 0.49257645, 0.336165637, -0.564478576, 0.809419394, 0.161877438, -0.192361921, -0.319700867, 0.927786827)},"Quad","Out",0.001)
	swait()
	SetTween(RJ,{C0 = RJC0 * CF.N(-4.09781933e-08, 0.189537346, -0.586146593, 0.968078792, -0.149084508, -0.201487705, 0.19383423, 0.954949558, 0.224721655, 0.158908069, -0.256603479, 0.953364015)},"Quad","Out",0.001)
	SetTween(NK,{C0 = NKC0 * CF.N(7.4505806e-08, -7.82310963e-08, -5.96046448e-08, 0.982490838, -0.159049988, -0.09703058, 0.169344261, 0.979494572, 0.109146699, 0.0776811466, -0.123667151, 0.989278615)},"Quad","Out",0.001)
	SetTween(LS,{C0 = LSC0 * CF.N(-0.659286618, 0.0632859766, -0.118049577, -0.0921249092, 0.474977702, -0.875162423, -0.716103375, 0.57909441, 0.389673829, 0.691888034, 0.662605405, 0.286784202)},"Quad","Out",0.001)
	SetTween(RS,{C0 = RSC0 * CF.N(0.261252433, 0.00672629476, 0.215353131, 0.123725563, -0.307997942, -0.943307638, 0.937562287, 0.347688943, 0.00944850594, 0.325067461, -0.885578752, 0.33178547)},"Quad","Out",0.001)
	SetTween(LH,{C0 = LHC0 * CF.N(-0.679063499, 0.0819728971, 0.0600894094, 0.86681211, -0.450159818, -0.214459121, 0.441663384, 0.892772257, -0.0888343826, 0.231452703, -0.0177163053, 0.97268486)},"Quad","Out",0.001)
	SetTween(RH,{C0 = RHC0 * CF.N(0.726433575, 0.377950132, 0.0484565496, 0.800111771, 0.493318677, 0.341259122, -0.568998694, 0.804273069, 0.171422184, -0.189899564, -0.33133322, 0.924206018)},"Quad","Out",0.001)
	swait()
	SetTween(RJ,{C0 = RJC0 * CF.N(1.86264515e-08, 0.189537182, -0.580835283, 0.966034472, -0.145658478, -0.213450432, 0.193402618, 0.955354333, 0.223368645, 0.171385258, -0.257063657, 0.951075912)},"Quad","Out",0.001)
	SetTween(NK,{C0 = NKC0 * CF.N(1.49011612e-07, 8.56816769e-08, -1.1920929e-07, 0.978127003, -0.173188254, -0.115210734, 0.186059758, 0.976096153, 0.112330869, 0.0930023417, -0.131309941, 0.986969233)},"Quad","Out",0.001)
	SetTween(LS,{C0 = LSC0 * CF.N(-0.648212373, 0.0887366682, -0.11052756, -0.0847425908, 0.41793111, -0.90451777, -0.694903553, 0.625792027, 0.354250342, 0.714092314, 0.658572674, 0.237390608)},"Quad","Out",0.001)
	SetTween(RS,{C0 = RSC0 * CF.N(0.269096971, 0.0355688483, 0.208173513, 0.126323536, -0.294966519, -0.947120428, 0.921715796, 0.38785997, 0.00214188546, 0.366718322, -0.873246491, 0.320871294)},"Quad","Out",0.001)
	SetTween(LH,{C0 = LHC0 * CF.N(-0.672633469, 0.0574910045, 0.0541619658, 0.866860986, -0.451837361, -0.210701481, 0.43966347, 0.892097414, -0.10420344, 0.235049114, -0.00230768346, 0.971980751)},"Quad","Out",0.001)
	SetTween(RH,{C0 = RHC0 * CF.N(0.725710392, 0.374988198, 0.0489478707, 0.797347009, 0.493799329, 0.346987069, -0.573869288, 0.798332274, 0.182591498, -0.186847359, -0.344714344, 0.91992414)},"Quad","Out",0.001)
	swait()
	SetTween(RJ,{C0 = RJC0 * CF.N(-6.33299351e-08, 0.189537436, -0.57262516, 0.964001, -0.141268969, -0.225267008, 0.19196634, 0.955964625, 0.221992686, 0.183986589, -0.257244855, 0.948669612)},"Quad","Out",0.001)
	SetTween(NK,{C0 = NKC0 * CF.N(8.19563866e-08, -3.7252903e-08, 2.98023224e-08, 0.973069489, -0.186974317, -0.134819642, 0.202922106, 0.972275078, 0.116206281, 0.109354205, -0.140434638, 0.984032393)},"Quad","Out",0.001)
	SetTween(LS,{C0 = LSC0 * CF.N(-0.636000693, 0.114187852, -0.10300602, -0.0794305503, 0.358728975, -0.930056155, -0.672550678, 0.669372439, 0.315619856, 0.735776126, 0.65057981, 0.188094765)},"Quad","Out",0.001)
	SetTween(RS,{C0 = RSC0 * CF.N(0.276941776, 0.0651117414, 0.20169431, 0.128313303, -0.281805456, -0.950852931, 0.904067934, 0.427363455, -0.00465849834, 0.407672644, -0.859037936, 0.309607923)},"Quad","Out",0.001)
	SetTween(LH,{C0 = LHC0 * CF.N(-0.666200042, 0.0327786803, 0.048689574, 0.867117047, -0.453158587, -0.206773639, 0.437313974, 0.89133209, -0.119514503, 0.238462836, 0.0132079702, 0.971061766)},"Quad","Out",0.001)
	SetTween(RH,{C0 = RHC0 * CF.N(0.724591255, 0.370410383, 0.049708128, 0.79490453, 0.49374783, 0.352618545, -0.57834363, 0.792307198, 0.194340006, -0.183427244, -0.358416796, 0.915364563)},"Quad","Out",0.001)
	swait()
	SetTween(RJ,{C0 = RJC0 * CF.N(4.84287739e-08, 0.189537153, -0.561231554, 0.962306023, -0.136021823, -0.235510558, 0.189269334, 0.956787705, 0.220758706, 0.195305601, -0.257012337, 0.94646734)},"Quad","Out",0.001)
	SetTween(NK,{C0 = NKC0 * CF.N(-7.4505806e-09, -1.45286322e-07, -5.36441803e-07, 0.967862248, -0.198685527, -0.154165283, 0.218039185, 0.968440175, 0.120758936, 0.125306815, -0.150492027, 0.980637789)},"Quad","Out",0.001)
	SetTween(LS,{C0 = LSC0 * CF.N(-0.623593688, 0.136654153, -0.0963653773, -0.0765538737, 0.305050969, -0.949254215, -0.652017534, 0.704955041, 0.279125959, 0.754329324, 0.640298605, 0.144931525)},"Quad","Out",0.001)
	SetTween(RS,{C0 = RSC0 * CF.N(0.283866376, 0.0921915472, 0.196976542, 0.129560083, -0.270112634, -0.954072058, 0.887037992, 0.461583346, -0.0102243647, 0.443145543, -0.844973445, 0.299402893)},"Quad","Out",0.001)
	SetTween(LH,{C0 = LHC0 * CF.N(-0.660523057, 0.0106368065, 0.0445151329, 0.867632687, -0.453825474, -0.203116551, 0.434788287, 0.89068377, -0.132822305, 0.241190463, 0.02692803, 0.970104098)},"Quad","Out",0.001)
	SetTween(RH,{C0 = RHC0 * CF.N(0.723039389, 0.36405623, 0.050762862, 0.793251812, 0.492964715, 0.357403815, -0.581701875, 0.786993504, 0.205582321, -0.179929525, -0.370981216, 0.911042511)},"Quad","Out",0.001)
	swait()
	SetTween(RJ,{C0 = RJC0 * CF.N(-4.47034836e-08, 0.189537168, -0.546700239, 0.961237788, -0.130086929, -0.243103951, 0.185209677, 0.957803786, 0.219793826, 0.204253599, -0.256299287, 0.944770455)},"Quad","Out",0.001)
	SetTween(NK,{C0 = NKC0 * CF.N(1.86264515e-07, -2.98023224e-07, -5.96046448e-08, 0.96312207, -0.20706889, -0.171809286, 0.229951814, 0.96501106, 0.125999168, 0.139707342, -0.160860345, 0.977039278)},"Quad","Out",0.001)
	SetTween(LS,{C0 = LSC0 * CF.N(-0.611822486, 0.153832555, -0.0912885368, -0.0756101608, 0.263316542, -0.961741984, -0.635916948, 0.730174422, 0.249909863, 0.768044889, 0.630483687, 0.112238906)},"Quad","Out",0.001)
	SetTween(RS,{C0 = RSC0 * CF.N(0.289161503, 0.11430192, 0.194773734, 0.130190268, -0.261143416, -0.956480265, 0.873129129, 0.487282485, -0.0141957719, 0.469783008, -0.833282709, 0.291451573)},"Quad","Out",0.001)
	SetTween(LH,{C0 = LHC0 * CF.N(-0.656181157, -0.00675338507, 0.042245239, 0.86841619, -0.453662455, -0.200110003, 0.432285309, 0.890391767, -0.142590284, 0.242863953, 0.0373227671, 0.969342113)},"Quad","Out",0.001)
	SetTween(RH,{C0 = RHC0 * CF.N(0.721061945, 0.355953813, 0.0521083772, 0.792730808, 0.4913643, 0.360748589, -0.583417118, 0.783080995, 0.215426266, -0.176642343, -0.381241947, 0.907442629)},"Quad","Out",0.001)
	swait()
	SetTween(RJ,{C0 = RJC0 * CF.N(-5.21540642e-08, 0.189537197, -0.52932626, 0.960979164, -0.123646371, -0.247448415, 0.179821849, 0.958974481, 0.219162166, 0.210198104, -0.255106896, 0.943788767)},"Quad","Out",0.001)
	SetTween(NK,{C0 = NKC0 * CF.N(-2.98023224e-08, 3.7252903e-08, 0, 0.959366262, -0.211482242, -0.186793536, 0.237819701, 0.962306559, 0.131939247, 0.151849836, -0.171001226, 0.97349894)},"Quad","Out",0.001)
	SetTween(LS,{C0 = LSC0 * CF.N(-0.601270556, 0.16439572, -0.0881659091, -0.0757586062, 0.23738043, -0.968458235, -0.625899017, 0.744750917, 0.231508464, 0.776215792, 0.62369591, 0.0921548381)},"Quad","Out",0.001)
	SetTween(RS,{C0 = RSC0 * CF.N(0.292417407, 0.129936814, 0.195458055, 0.130438447, -0.255620778, -0.957937241, 0.864203453, 0.502871454, -0.0165137872, 0.485940635, -0.825698674, 0.286502242)},"Quad","Out",0.001)
	SetTween(LH,{C0 = LHC0 * CF.N(-0.653509498, -0.0181148052, 0.042185843, 0.869437993, -0.452629805, -0.197999567, 0.429977596, 0.890637696, -0.1479325, 0.243304357, 0.0434827432, 0.968974888)},"Quad","Out",0.001)
	SetTween(RH,{C0 = RHC0 * CF.N(0.718691587, 0.346268296, 0.0537167192, 0.793503702, 0.488966256, 0.362303644, -0.583222687, 0.781023264, 0.223280489, -0.173790991, -0.388477594, 0.904920936)},"Quad","Out",0.001)
	swait()
	SetTween(RJ,{C0 = RJC0 * CF.N(-2.60770321e-08, 0.189537078, -0.509521604, 0.961593091, -0.116857402, -0.248360887, 0.173224285, 0.960255146, 0.21886839, 0.212913439, -0.253484458, 0.943617284)},"Quad","Out",0.001)
	SetTween(NK,{C0 = NKC0 * CF.N(1.04308128e-07, -1.41561031e-07, -1.49011612e-07, 0.956915498, -0.211792052, -0.198637322, 0.241348624, 0.960494339, 0.138569459, 0.161442161, -0.18054007, 0.970227718)},"Quad","Out",0.001)
	SetTween(LS,{C0 = LSC0 * CF.N(-0.592256129, 0.167907, -0.087128222, -0.0763339922, 0.228628665, -0.970516503, -0.62260735, 0.749341071, 0.225495249, 0.778802454, 0.621463597, 0.0851456672)},"Quad","Out",0.001)
	SetTween(RS,{C0 = RSC0 * CF.N(0.293499231, 0.138520658, 0.199073792, 0.130497441, -0.253785402, -0.958417177, 0.861176372, 0.50801307, -0.0172629096, 0.491269588, -0.823113441, 0.284848303)},"Quad","Out",0.001)
	SetTween(LH,{C0 = LHC0 * CF.N(-0.652625203, -0.0230002403, 0.044386059, 0.870646894, -0.450788289, -0.196886569, 0.427981824, 0.891491234, -0.148575872, 0.242498681, 0.045093406, 0.969103158)},"Quad","Out",0.001)
	SetTween(RH,{C0 = RHC0 * CF.N(0.715995073, 0.335220218, 0.0555486083, 0.795571625, 0.485855967, 0.361953378, -0.581075788, 0.781016707, 0.228830248, -0.171512738, -0.392373413, 0.903673887)},"Quad","Out",0.001)
	swait()
	SetTween(RJ,{C0 = RJC0 * CF.N(-6.70552254e-08, 0.189537138, -0.480989456, 0.964301169, -0.109346867, -0.241177827, 0.163456216, 0.962335944, 0.21723628, 0.208340019, -0.248903185, 0.945855021)},"Quad","Out",0.001)
	SetTween(NK,{C0 = NKC0 * CF.N(3.7252903e-08, -1.1920929e-07, -2.98023224e-07, 0.957064509, -0.201391578, -0.208492085, 0.234386086, 0.96084094, 0.14781037, 0.170560002, -0.190331608, 0.96679014)},"Quad","Out",0.001)
	SetTween(LS,{C0 = LSC0 * CF.N(-0.584586322, 0.167051643, -0.0879562497, -0.0932142437, 0.246192917, -0.964728057, -0.624929845, 0.739843965, 0.24918586, 0.775096059, 0.626115024, 0.0848893598)},"Quad","Out",0.001)
	SetTween(RS,{C0 = RSC0 * CF.N(0.292949945, 0.143053859, 0.204196811, 0.121873751, -0.262331009, -0.957250893, 0.872002184, 0.488962471, -0.0229783673, 0.474087447, -0.831924379, 0.288345128)},"Quad","Out",0.001)
	SetTween(LH,{C0 = LHC0 * CF.N(-0.652868152, -0.0247113705, 0.0478369594, 0.872790575, -0.446371287, -0.197457403, 0.425788611, 0.894069493, -0.139082193, 0.23862277, 0.0373145193, 0.970395148)},"Quad","Out",0.001)
	SetTween(RH,{C0 = RHC0 * CF.N(0.712155282, 0.314178288, 0.0560287237, 0.801071703, 0.480333865, 0.357160687, -0.573928714, 0.785812199, 0.230444327, -0.169970706, -0.389587671, 0.905169427)},"Quad","Out",0.001)
	swait()
	SetTween(RJ,{C0 = RJC0 * CF.N(1.86264515e-08, 0.189537197, -0.437348843, 0.9701401, -0.100259423, -0.220853403, 0.148180276, 0.965874076, 0.212437987, 0.19201766, -0.238820732, 0.951889634)},"Quad","Out",0.001)
	SetTween(NK,{C0 = NKC0 * CF.N(-1.56462193e-07, 7.4505806e-08, 2.08616257e-07, 0.960592151, -0.173384368, -0.217257231, 0.210592121, 0.964106798, 0.161707193, 0.181421727, -0.201087296, 0.962626636)},"Quad","Out",0.001)
	SetTween(LS,{C0 = LSC0 * CF.N(-0.5779109, 0.164413556, -0.0903826654, -0.143801495, 0.300239712, -0.942961991, -0.629450321, 0.707517505, 0.321265012, 0.763618767, 0.63974613, 0.0872438997)},"Quad","Out",0.001)
	SetTween(RS,{C0 = RSC0 * CF.N(0.291294426, 0.146434069, 0.209482789, 0.0943586454, -0.288143456, -0.952926993, 0.90284276, 0.428101718, -0.0400490016, 0.419489563, -0.856564283, 0.300543368)},"Quad","Out",0.001)
	SetTween(LH,{C0 = LHC0 * CF.N(-0.653652251, -0.0264559984, 0.0515754223, 0.876563132, -0.437576115, -0.200409785, 0.422873527, 0.899061561, -0.113430761, 0.229815289, 0.0146814063, 0.97312361)},"Quad","Out",0.001)
	SetTween(RH,{C0 = RHC0 * CF.N(0.706352711, 0.274402082, 0.0535668135, 0.812184572, 0.470432431, 0.345035911, -0.558288097, 0.798376679, 0.225630447, -0.169324502, -0.375883162, 0.911065996)},"Quad","Out",0.001)
	swait()
	SetTween(RJ,{C0 = RJC0 * CF.N(-4.84287739e-08, 0.189537436, -0.380109966, 0.978227973, -0.088815257, -0.187568352, 0.127291143, 0.970602393, 0.204274744, 0.163911566, -0.223703101, 0.960775733)},"Quad","Out",0.001)
	SetTween(NK,{C0 = NKC0 * CF.N(3.7252903e-08, 2.23517418e-08, -3.57627869e-07, 0.966028214, -0.12858589, -0.224176988, 0.170714766, 0.968742371, 0.179985687, 0.194026113, -0.212141573, 0.957783818)},"Quad","Out",0.001)
	SetTween(LS,{C0 = LSC0 * CF.N(-0.572040081, 0.159967184, -0.0941721201, -0.228688329, 0.388369143, -0.892676473, -0.62824434, 0.641592443, 0.440077364, 0.743646979, 0.661459506, 0.097265996)},"Quad","Out",0.001)
	SetTween(RS,{C0 = RSC0 * CF.N(0.288603097, 0.148472324, 0.214908004, 0.0443439707, -0.328961879, -0.943301499, 0.945541918, 0.318601638, -0.0666580871, 0.322465599, -0.888975263, 0.325175315)},"Quad","Out",0.001)
	SetTween(LH,{C0 = LHC0 * CF.N(-0.655037701, -0.0280708671, 0.0555508137, 0.881672442, -0.42471686, -0.205594942, 0.41930598, 0.90502882, -0.0714532286, 0.216416731, -0.0232089572, 0.976025283)},"Quad","Out",0.001)
	SetTween(RH,{C0 = RHC0 * CF.N(0.69875896, 0.217371762, 0.0482932329, 0.828348637, 0.455965906, 0.325473964, -0.533958912, 0.818382263, 0.212458223, -0.169488475, -0.349779487, 0.921373069)},"Quad","Out",0.001)
	swait()
	SetTween(RJ,{C0 = RJC0 * CF.N(-3.91155481e-08, 0.189537212, -0.312856078, 0.986939788, -0.0741609335, -0.143003806, 0.101277381, 0.975993395, 0.192820758, 0.125271007, -0.204785511, 0.970757484)},"Quad","Out",0.001)
	SetTween(NK,{C0 = NKC0 * CF.N(1.34110451e-07, 2.98023224e-08, -4.76837158e-07, 0.971029639, -0.0701059178, -0.228443846, 0.117625095, 0.972385645, 0.201570392, 0.208004206, -0.222601548, 0.952461481)},"Quad","Out",0.001)
	SetTween(LS,{C0 = LSC0 * CF.N(-0.566619456, 0.15387249, -0.098847717, -0.34234485, 0.498424113, -0.796475708, -0.608181, 0.528596818, 0.59220022, 0.716181457, 0.687138081, 0.122169688)},"Quad","Out",0.001)
	SetTween(RS,{C0 = RSC0 * CF.N(0.28508395, 0.149040967, 0.220425665, -0.0310346764, -0.377603054, -0.925447345, 0.982760251, 0.157308102, -0.0971419215, 0.182261392, -0.912507653, 0.366211355)},"Quad","Out",0.001)
	SetTween(LH,{C0 = LHC0 * CF.N(-0.657046199, -0.0293234587, 0.0596764386, 0.887549818, -0.408709198, -0.212631479, 0.415330738, 0.909552515, -0.014654329, 0.199388698, -0.0753058046, 0.977022588)},"Quad","Out",0.001)
	SetTween(RH,{C0 = RHC0 * CF.N(0.689823627, 0.147022426, 0.0406910479, 0.848097861, 0.437145561, 0.299389005, -0.501798451, 0.844081163, 0.189011231, -0.17008315, -0.310533017, 0.935222507)},"Quad","Out",0.001)
	swait()
